12010000
12013500
12017000
12020000
12020800
12024000
12025000
12025700
12032500
12035000
12035450
12039000
12039005
12039300
12040500
12041200
12041500
12043000
12043300
12044900
12048000
12050500
12054000
12056500
12060500
12065500
12068500
12073500
12079000
12082500
12083000
12092000
12094000
12095000
12096500
12097000
12097500
12097850
12104000
12105000
12108500
12114000
12114500
12115000
12115500
12115700
12117000
12135000
12137290
12141300
12142000
12143400
12143600
12144000
12145500
12147000
12147500
12147600
12157250
12161000
12167000
12168500
12175500
12177500
12178100
12179900
12182500
12186000
12189500
12196000
12201500
12201960
12202300
12202310
12206900
12207750
12207850
12209000
12209490
12209500
12210000
12210700
12433542
12439300
12447383
12447390
12448000
12448500
12451000
12452800
12452890
12454000
12456500
12458000
12483800
12488500
12500500
12501000
13334450
13334700
14013500
14107000
14121300
14127000
14128500
14216000
14216500
14219000
14219800
14222500
14231000
14232500
14235500
14236200
14237000
14243500
14245000
14247500
14249000
14250500
