12010000
12013500
12017000
12019310
12020000
12020525
12020800
12021800
12024000
12024400
12025000
12025100
12025310
12025700
12026150
12026400
12027500
12028060
12031000
12035000
12035002
12035100
12035380
12035400
12035450
12036000
12036400
12037400
12039005
12039490
12039500
12039503
12039504
12039507
12039509
12039510
12039511
12039514
12039516
12039517
12039518
12040500
12040700
12040900
12041200
12042800
12043000
12043015
12043163
12043300
12044900
12044910
12045500
12046260
12046870
12048000
12048650
12049000
12052200
12052210
12054000
12056500
12058790
12058800
12059500
12060500
12061250
12061500
12061620
12062502
12069600
12069651
12070000
12070040
12070045
12070050
12073500
12076800
12078500
12078705
12078720
12078730
12079000
12080010
12080500
12080670
12081000
12081010
12082500
12083000
12086000
12086500
12087000
12088000
12089208
12089500
12090340
12090360
12090365
12090380
12090400
12090452
12090480
12090500
12091100
12091180
12091200
12091290
12091300
12091500
12092000
12093500
12094000
12095000
12096500
12096505
12096865
12097500
12097820
12097850
12098000
12098500
12098700
12098920
12099000
12099100
12099200
12099550
12099600
12100000
12100490
12100494
12100496
12100498
12100500
12101000
12101100
12101102
12101470
12101500
12102012
12102025
12102075
12102078
12102140
12102190
12102212
12102900
12102920
12103000
12103020
12103205
12103207
12103210
12103212
12103220
12103330
12103380
12104500
12105800
12105900
12106700
12108500
12108800
12112600
12113000
12113150
12113310
12113344
12113346
12113347
12113349
12113350
12113390
12113415
12114500
12115000
12115500
12115700
12115800
12115900
12116060
12116100
12116400
12116500
12117000
12117500
12117600
12117700
12117800
12117820
12118400
12118500
12119000
12120000
12120500
12120600
12121600
12121720
12121815
12121830
12122000
12122500
12125200
12127100
12128000
12131300
12131500
12134500
12135000
12137290
12137300
12137800
12138160
12141300
12142000
12143400
12143600
12143700
12143900
12144000
12144500
12145500
12147470
12147500
12147600
12147680
12147900
12148000
12148300
12148500
12149000
12150400
12150800
12155300
12155500
12157025
12157250
12158010
12158032
12158040
12161000
12165800
12166000
12166150
12166185
12166240
12166300
12166400
12166495
12167000
12168500
12168997
12169500
12170000
12170300
12170305
12170310
12170315
12170320
12170400
12170440
12172000
12173500
12175000
12175500
12176500
12177510
12177700
12178000
12178100
12178150
12178600
12178900
12179000
12179900
12180300
12180500
12181000
12181090
12181100
12181200
12182500
12183900
12184700
12184800
12185300
12186000
12186450
12187500
12187900
12187985
12188380
12189500
12189700
12190400
12190710
12190718
12191600
12192700
12193000
12193400
12193500
12194000
12194580
12199000
12199600
12200500
12200684
12200690
12200701
12200728
12200730
12200733
12200737
12200750
12200762
12201500
12201700
12201950
12201960
12202300
12202310
12202400
12202450
12204010
12205000
12205245
12206900
12207750
12207850
12208000
12209000
12209490
12210000
12210220
12210500
12210700
12210900
12211190
12211195
12211200
12211390
12211500
12212050
12212100
12212200
12212430
12213100
12213140
12213145
12214350
12214500
12395950
12396455
12396500
12396900
12397100
12398000
12398550
12398560
12398600
12399500
12400900
12401500
12404500
12404900
12409000
12419500
12420500
12422000
12422500
12422990
12424000
12426000
12427000
12431000
12431500
12433200
12433542
12433556
12433561
12433890
12434110
12434590
12436000
12438000
12438900
12438905
12439000
12439300
12439500
12442500
12444290
12444550
12445000
12445500
12445900
12446150
12446400
12446995
12447200
12447285
12447302
12447370
12447382
12447383
12447387
12447390
12447600
12448000
12448500
12448620
12448990
12448992
12448996
12448998
12449500
12449710
12449760
12449950
12450480
12450650
12451000
12451200
12452000
12452500
12452550
12452800
12452890
12452990
12453679
12453690
12456500
12457000
12458000
12459000
12462500
12462550
12462560
12464606
12464770
12464800
12465000
12465400
12466015
12467000
12469500
12470000
12470500
12471000
12471400
12472380
12472600
12472800
12473503
12473508
12473740
12479500
12480690
12480840
12480964
12484500
12488500
12492900
12499000
12500420
12500450
12502500
12505450
12506000
12507573
12508850
12508990
12509050
12509489
12509698
12510500
12510618
12510625
12510650
12510655
12511800
12512550
12513000
12513650
12514095
12514400
12514450
12514500
13334300
13334450
13334700
13335050
13343590
13343595
13343855
13343860
13344500
13344550
13348000
13349200
13349210
13349320
13349325
13349410
13351000
13352595
13352600
13352950
13353010
14013000
14013500
14013700
14013800
14015000
14015350
14016820
14016940
14017000
14018500
14019220
14019240
14107000
14111400
14113000
14123500
14128500
14128600
14128895
14144700
14144805
14211895
14211898
14211901
14211902
14216000
14216500
14217599
14218030
14218480
14219000
14219800
14219950
14220500
14222500
14226500
14231000
14231900
14232500
14233400
14233490
14233500
14236200
14238000
14240304
14240306
14240311
14240446
14240525
14241100
14241500
14242580
14243000
14243550
14244100
14244180
